MouseB_1,0,0,1126187519541780621,1126187519822794803
MouseB_2,0,0,1126191435759231013,1126191436057038878
MouseB_3,0,0,1126193319815426118,1126193320222277733
MouseB_4,0,0,1126194444551594054,1126194444870357112
MouseB_5,0,0,1126196975973441586,1126196976350920797
MouseB_6,0,0,1126305619759091812,1126305619482247348
MouseB_7,20,1,1126560065109905498,1126560064367501332
MouseB_8,20,1,1126558224372486185,1126558223974014976
MouseB_9,0,0,1126559665979932682,1126559665732473003
MouseB_10,20,1,1126560523891245137,1126560523593469972
MouseB_11,10,1,1126562070104657960,1126562069827821618
MouseB_12,0,0,1126563128130424832,1126563128398852196
MouseB_13,0,0,1126564234864631848,1126564235141451806
MouseB_14,0,0,1126564768510136340,1126564768757596280
BullB_1,0,0,1126689770697932820,1126689770446270535
BullB_2,0,0,1126690644727963669,1126690644472102912
BullB_3,0,0,1126691850267394108,1126691849701167104
BullB_4,0,0,1127083060496695406,1127083060840636547
BullB_5,0,0,1127121177274495047,1127121177584881684
BullB_6,5,0,1127122553085902930,1127122553354321921
BullB_7,20,1,1127125814538928178,1127125815017095201
BullB_8,0,0,1127126502455123979,1127126502757126194
BullB_9,20,1,1127127173757677659,1127127174059671612
BullB_10,20,1,1127127922675818578,1127127922923278436
TigerB_1,5,0,1127129174646202449,1127129174943989760
TigerB_2,0,0,1127133448243527780,1127133448629391440
TigerB_3,0,0,1127134391018197033,1127134391278252152
TigerB_4,0,0,1127135688068972624,1127135688312238121
TigerB_5,0,0,1127139306520186880,1127139306830577765
TigerB_6,0,0,1127140695505895424,1127140695740796949
TigerB_7,0,0,1127141766609514607,1127141766353670164
TigerB_8,20,1,1127144271758237726,1127144272110563348
TigerB_9,20,1,1127148834833825824,1127148835093893130
TigerB_10,20,1,1127151349897900032,1127151350166323333
RabbitB_1,0,0,1127154591662870620,1127154591973265448
RabbitB_2,0,0,1127158745126928424,1127158745361821746
RabbitB_3,0,0,1127161801231048704,1127161801444966520
RabbitB_4,0,0,1127169190495789146,1127169190265098340
RabbitB_5,5,0,1127171622571348018,1127171622370025502
Dragon_1,0,0,1127173385269551104,1127173385001123860
Dragon_2,0,0,1127177041364652044,1127177041159135312
Dragon_3,0,0,1127177168213000222,1127177167957139568
Dragon_4,0,0,1127179833131159583,1127179833412173924
Dragon_5,5,0,1127181119574511706,1127181119348015125
Dragon_6,0,0,1127183699801284679,1127183699469942794
Dragon_7,10,1,1127184770623885413,1127184770355429476
Dragon_8,20,1,1127186344704233543,1127186344985239602
Dragon_9,20,1,1127187973314719815,1127187973566382220
Dragon_10,20,1,1127189406818767028,1127189407062044682
Lizard_1,5,0,1127771620069605406,1127771619843133520
Lizard_2,0,0,1127773199107625021,1127773198805631037
Lizard_3,0,0,1127776527455637524,1127776527694704650
Lizard_4,20,1,1127781275504226454,1127781275793621042
Lizard_5,20,1,1127784087566946345,1127784087847960586
Horse_1,0,0,1128371619061043210,1128371619312697455
Horse_2,0,0,1128375595332546620,1128375595093479434
Horse_3,0,0,1128524186625773709,1128524186906804274
Horse_4,0,0,1128582359487352863,1128582359206350979
Horse_5,20,1,1128700589228949565,1128700589551923262
GoatB_1,0,0,1128713452857335828,1128713452605669476
GoatB_2,5,0,1128715256626151614,1128715256273838131
GoatB_3,0,0,1128716660925272164,1128716661235662938
GoatB_4,0,0,1128720283222671531,1128720283549831241
GoatB_5,0,0,1128723134908997662,1128723135294881842
MonkeyB_1,0,0,1129353556261089320,1129353556500160603
MonkeyB_2,0,0,1129357898045206528,1129357898363977821
MonkeyB_3,0,0,1129359504065175624,1129359503423451207
MonkeyB_4,15,1,1129363558656917655,1129363558912757840
MonkeyB_5,20,1,1129367247819915354,1129367248197394506
FishB_1,20,1,1130537610088022238,1130537610763309056
FishB_2,0,0,1130539970331951184,1130539970692665505
FishB_3,20,1,1130540712576962671,1130540712925073538
FishB_4,20,1,1130541950953603113,1130541951192682586
FishB_5,0,0,1130543358822060032,1130543359044366346
BearB_1,0,0,1133038838177087588,1133038838739107942
BearB_2,0,0,1133046970471157820,1133046970743791676
BearB_3,1,0,1133050173774385182,1133050174072168508
BearB_4,20,1,1133056476492083320,1133056476781482014
BearB_5,0,0,1133062888509157416,1133062888764997763