DogG_1,20,1,1118583123651858572,1118583123337293935
DogG_2,0,0,1118584591096229908,1118584590752288980
CatG_1,20,1,1118360347636666549,1118360347930275862
CowG_1,20,1,1118578485259141220,1118578485556949092
CowG_2,20,1,1118577146156306452,1118577146462470274
CowG_3,0,0,1118361037083775066,1118361037394157618
CowG_4,0,0,1118586559915118673,1118586559562780822
CowG_5,0,0,1118587983671603240,1118587983289909278
LizardG_1,0,0,1118581650515841044,1118581650952036502
FoxG_1,0,0,1118591242926821456,1118591473332539402
FoxG_2,0,0,1118594835121700997,1118594834836496584
DragonG_1,20,1,1118598141747417228,1118598141437018203
DragonG_2,20,1,1118598753608269874,1118598753335648356